1000
5 10
3 11
5 11
9 19
7 18
6 12
6 14
0 16
2 18
7 16
7 19
6 15
6 12
6 13
2 13
6 13
1 17
6 15
0 18
2 10
2 13
0 12
7 14
0 10
6 15
7 15
2 17
2 18
0 13
6 17
8 19
6 15
4 18
4 11
9 18
2 19
6 13
5 14
6 16
4 19
2 12
6 17
5 12
3 10
8 18
1 11
1 10
2 14
7 17
3 13
5 16
1 13
5 14
3 10
1 16
2 11
6 18
2 10
3 18
4 11
5 11
4 18
0 13
2 17
2 19
5 19
5 11
4 12
1 14
6 14
5 12
3 11
6 15
5 14
2 10
4 13
1 11
2 11
0 19
7 16
5 17
1 10
4 19
4 10
5 11
0 13
6 14
5 13
1 12
3 14
6 19
4 17
8 17
4 15
4 12
2 15
7 17
3 10
3 19
3 14
3 10
3 10
6 15
1 11
4 12
0 13
6 15
1 11
5 11
4 13
1 10
3 16
0 10
3 10
4 10
1 16
0 12
5 16
5 13
7 18
6 13
4 10
3 15
4 11
3 12
0 12
6 14
5 14
1 19
1 10
4 14
0 17
3 15
7 15
2 12
8 18
4 14
1 14
4 10
0 16
4 13
4 11
1 19
2 16
1 10
6 14
5 10
2 13
6 19
4 19
4 13
7 15
6 15
5 14
6 18
6 14
1 10
2 11
3 15
5 14
5 19
3 13
5 17
8 16
4 18
4 19
2 11
5 18
4 13
1 11
6 15
4 13
8 18
6 16
6 15
5 14
4 19
5 13
5 13
3 11
2 14
6 19
1 10
3 17
4 13
1 16
3 14
4 14
4 19
5 10
1 10
5 12
4 14
6 14
8 16
5 12
5 12
3 15
5 19
0 11
6 19
3 10
8 17
7 15
0 16
1 11
2 14
0 14
2 10
4 13
6 15
4 13
7 15
8 16
2 19
1 14
3 10
5 13
5 10
0 15
4 12
4 14
4 14
4 13
0 19
5 10
7 16
3 19
5 14
0 18
7 18
7 14
5 17
5 19
0 13
4 18
4 13
6 14
2 19
2 18
3 10
4 13
0 15
3 16
2 12
0 16
6 14
0 16
5 12
1 15
7 15
4 10
5 14
2 11
2 11
4 17
7 19
6 13
5 18
4 18
5 11
0 16
8 18
3 18
4 16
3 11
7 16
6 12
6 19
0 13
1 18
2 14
5 15
0 10
1 12
2 12
5 19
1 18
0 18
8 17
4 14
4 13
2 11
2 18
1 13
3 14
1 17
8 18
0 19
4 13
6 17
6 14
2 10
2 13
3 16
3 11
4 18
2 16
5 11
6 18
4 19
1 15
1 19
6 17
1 16
3 12
0 12
4 11
2 11
4 13
8 18
4 16
5 17
5 12
0 17
1 13
8 18
2 11
9 19
2 17
7 18
2 19
0 12
9 19
5 13
3 16
3 19
1 11
4 16
9 18
2 17
1 14
3 14
5 14
5 13
2 17
8 17
3 15
6 15
1 14
6 13
4 15
1 11
4 14
8 17
4 14
9 19
2 16
4 19
3 12
1 10
8 17
7 17
0 12
3 16
6 15
4 13
8 19
4 11
6 15
4 12
6 16
2 19
2 18
6 15
1 13
5 13
6 16
2 10
2 19
0 12
0 10
3 15
3 14
3 18
2 11
3 10
7 15
0 13
6 15
2 10
1 17
9 18
1 10
7 16
4 12
7 17
7 16
3 10
4 18
4 19
0 14
2 18
4 13
2 15
5 12
7 18
6 13
5 12
5 13
3 12
4 19
8 16
3 11
2 15
8 17
2 10
4 12
0 18
2 18
6 13
0 18
0 14
6 12
0 13
4 10
7 15
8 17
2 10
2 15
2 13
5 13
0 19
1 14
6 15
5 17
2 11
1 12
4 11
5 14
5 12
6 15
5 10
3 14
0 19
1 17
2 12
7 17
4 14
5 14
4 16
4 18
4 13
0 12
9 18
3 11
1 18
7 18
5 17
4 10
1 10
6 15
7 18
1 12
3 11
1 17
2 14
2 15
7 18
5 18
4 11
3 10
5 13
5 16
6 15
0 13
4 18
1 19
3 13
7 16
1 18
8 19
8 19
4 15
4 19
4 14
6 16
5 19
4 10
6 14
4 10
5 10
7 15
6 18
0 11
5 17
7 18
0 10
3 17
3 13
4 19
1 11
6 16
3 14
4 13
4 13
5 11
3 12
6 13
3 15
1 10
8 17
1 12
6 19
4 11
2 17
0 12
0 18
5 12
1 10
1 11
2 14
2 15
6 17
4 19
0 19
8 18
4 11
2 19
2 10
8 18
5 15
6 14
1 19
4 11
0 17
2 11
7 18
2 18
6 19
5 18
1 10
0 17
1 12
6 15
4 15
3 15
5 15
6 12
4 10
4 14
0 11
5 11
4 18
6 15
4 11
0 19
2 18
4 15
2 12
5 16
8 17
2 18
5 13
5 15
9 19
0 19
8 19
2 14
1 17
0 14
3 11
8 18
6 17
1 19
2 17
6 15
6 17
0 18
1 17
7 19
1 11
6 12
0 12
6 19
0 10
7 16
5 13
2 19
5 19
2 10
6 13
5 13
8 19
0 16
0 17
3 17
0 16
3 12
7 16
7 18
1 15
4 18
0 14
1 18
5 13
0 19
1 15
5 13
4 17
3 10
2 19
4 10
7 16
5 16
5 11
6 18
0 10
2 12
1 12
0 17
2 15
2 16
5 11
2 10
5 13
2 18
3 17
8 18
5 12
0 10
4 15
4 14
2 19
1 15
4 11
3 14
2 17
1 19
6 17
0 18
3 15
5 11
4 17
1 18
9 19
7 19
8 19
7 16
5 11
4 14
0 18
9 19
3 11
4 11
3 10
4 15
1 12
6 12
9 18
5 15
4 11
9 19
5 13
7 17
4 17
6 17
4 12
9 18
3 10
5 17
3 10
1 16
4 13
1 10
3 11
2 11
4 10
7 15
6 15
1 13
2 10
3 11
4 11
2 19
5 18
6 13
3 10
8 16
4 10
6 13
0 18
3 17
2 19
7 18
3 18
1 15
2 11
5 18
5 13
7 17
4 19
1 12
3 11
7 19
2 11
1 15
7 17
1 10
6 14
0 18
5 12
4 12
1 19
6 13
7 14
3 15
4 16
6 15
1 12
0 18
3 19
4 12
4 19
4 16
7 19
4 14
1 16
3 18
2 11
4 11
6 16
3 10
6 16
3 10
3 11
0 16
4 12
3 18
5 18
2 11
1 10
3 17
4 12
2 11
2 12
3 12
0 14
6 12
7 15
6 14
7 14
8 17
3 16
3 19
4 14
6 16
3 16
6 16
5 14
1 10
6 15
8 19
1 19
7 15
5 13
2 12
5 17
2 13
6 14
5 17
7 19
1 18
3 11
6 15
0 11
0 19
4 12
0 19
2 11
0 14
6 19
0 18
3 12
0 13
6 18
6 16
5 14
4 18
4 13
4 16
8 17
5 14
0 17
2 14
0 10
4 18
3 19
4 17
0 15
0 12
5 14
4 10
3 12
2 19
2 14
7 16
1 15
3 11
4 17
3 12
7 18
4 10
3 19
2 12
4 12
1 19
4 15
4 18
9 19
5 13
2 16
1 18
2 17
4 11
4 10
4 13
2 10
3 12
7 15
1 15
4 16
5 11
7 14
8 17
2 13
4 14
3 10
5 12
3 15
5 11
4 16
2 13
5 11
0 12
5 14
0 11
6 16
2 14
8 17
0 14
4 12
3 17
1 17
6 15
1 16
7 15
2 10
5 12
0 11
0 14
4 13
3 10
7 16
2 10
6 12
4 19
7 15
1 19
1 10
7 16
3 10
6 13
2 14
4 14
1 12
6 13
4 18
2 13
7 16
0 10
5 19
6 16
3 19
7 16
4 11
0 17
6 13
4 11
3 13
4 11
0 14
3 18
3 19
4 15
1 17
5 15
6 16
3 14
4 10
6 19
7 16
5 17
1 10
0 18
7 19
6 13
5 12
1 10
6 12
3 12
2 11
2 19
0 14
0 18
1 10
1 19
5 12
9 19
2 15
2 18
5 12
2 10
7 16
7 18
2 16
6 17
0 14
8 19
5 10
0 11
4 15
1 10
8 19
1 11
0 12
7 15
0 19
6 14
1 10
5 16
5 12
8 18
6 13
6 14
7 16
5 19
2 10
3 13
8 17
5 12
1 10
3 10
0 12
6 13
5 15
3 12
4 15
6 14
6 16
9 18
2 12
6 18
3 11
3 14
3 11
3 12
5 11
1 14
2 11
6 14
0 18
6 12
1 16
7 14
2 13
0 14
4 17
4 12
2 16
4 12
7 15
4 18
1 12
1 19
2 17
3 10
0 17
3 12
6 16
0 16
5 11
3 13
4 13
2 19
6 16
0 10
1 14
6 17
3 11
4 15
2 11
3 16
5 12
0 17
1 14
0 17
2 10
3 13
5 12
